    3.60    3.67    4.67       6      61       0       2
    5.00    2.00    2.33       2      55       0       1
    6.60    2.33    3.67       1      85       1       1
    1.00    5.00    5.00       1      59       0       1
    4.00    2.33    1.67       4      22       1       1
    7.00    1.00    6.00       3      34       0       2
    6.80    2.33    4.00       4      47       1       1
    5.60    4.00    5.33       5      65       1       1
    6.00    5.00    6.00       4      50       1       2
    2.60    5.00    2.00       7      60       1       3
    1.40    1.00    1.00       6      71       1       2
    5.60    4.00    4.00       4      60       0       1
    7.00    1.00    5.00       2      71       1       1
    3.80    5.67    4.67       4      59       0       1
    3.40    3.00    2.00       5      32       1       1
    4.20    1.67    1.00       2      36       1       1
    1.00    6.00    1.00       6      69       1       2
    2.60    4.00    2.33       4      70       0       3
    5.20    3.33    4.00       2      41       0       1
    5.80    1.33    2.67       4      48       0       3
    5.40    3.67    5.67       4      38       0       2
    5.40    2.00    5.00       2      63       1       1
    6.40    4.33    2.33       6      71       1       3
    5.00    3.00    4.67       4      71       1       2
    5.40    3.67    4.67       4      60       1       1
    5.80    3.67    5.67       3      76       1       1
    3.60    4.00    3.33       4      58       1       1
    4.60    4.67    3.33       5      71       0       3
    5.20    2.33    3.00       4      63       0       1
    3.80    4.33    1.33       5      79       1       1
    4.20    2.33    4.33       4      68       0       1
    3.40    2.33    2.33       2      32       1       1
    2.20    2.67    5.00       7      76       1       3
    5.20    2.00    6.00       5      50       0       2
    5.20    4.00    3.67       4      72       0       2
    4.00    3.67    2.33       4      51       1       2
    7.00    3.67    5.33       4      60       1       1
    1.00    4.00    1.00       7      76       1       3
    5.40    1.33    3.33       3      34       0       1
    4.80    5.00    5.33       4      51       0       2
    6.00    4.00    3.00       3      49       0       1
    3.60    1.67    2.00       5      58       0       3
    5.20    4.00    5.00       2      45       0       1
    3.80    3.67    4.33       4      57       1       3
    4.80    3.00    3.00       5      46       0       3
    2.40    4.67    1.33       5      69       1       3
    6.00    5.00    1.67       5      70       0       3
    4.80    2.67    3.00       6      69       0       3
    4.60    1.00    3.00       4      58       1       1
    4.00    3.00    2.00       5      80       1       3
    3.40    1.67    2.67       6      64       1       3
    1.00    1.00    1.00       7      42       1       3
    3.60    3.33    1.67       6      71       1       3
    4.60    3.00    3.67       6      40       1       3
    4.00    4.00    3.33       1      43       0       1
    4.60    2.00    2.00       2      44       0       1
    5.00    4.00    3.00       4      40       0       1
    4.60    4.67    3.33       3      77       1       3
    3.40    1.00    5.33       5      73       1       2
    5.60    1.67    5.33       5      63       1       2
    6.40    2.00    4.00       3      47       0       1
    3.80    2.00    2.00       4      41       0       3
    5.80    3.33    4.00       2      64       1       1
    4.60    4.00    3.00       4      57       0       2
    4.40    4.00    3.00       4      41       0       3
    3.80    2.67    1.33       6      43       0       3
    1.00    2.67    1.67       6      52       1       3
    5.60    1.00    3.00       4      37       0       2
    3.60    1.00    1.00       2      68       0       1
    6.80    4.67    4.00       4      60       0       3
    7.00    5.00    4.67       1      40       1       1
    5.20    3.67    4.33       6      72       1       2
    5.80    2.67    4.00       2      57       1       1
    6.60    2.00    4.67       2      85       1       1
    5.20    2.33    3.33       3      52       0       1
    4.00    2.67    3.33       1      55       1       2
    5.40    1.00    4.33       4      42       0       3
    5.00    3.67    4.67       3      34       1       1
    2.20    1.00    1.00       4      40       0       2
    4.40    1.33    4.00       6      55       0       3
    3.60    3.00    3.00       5      73       1       2
    6.00    3.33    5.33       4      67       0       1
    2.80    3.67    3.33       3      65       0       1
    2.20    1.00    1.00       1      63       1       2
    5.80    5.00    3.33       1      50       0       1
    3.80    5.00    1.33       4      52       1       3
    3.00    2.67    2.00       4      72       1       3
    3.80    3.33    4.33       5      75       1       3
    2.80    2.33    1.00       4      54       1       2
    4.00    2.67    3.67       4      38       0       2
    4.20    5.00    2.67       4      61       0       2
    4.00    3.33    2.67       6      47       0       3
    2.20    2.67    2.00       4      45       1       2
    5.20    2.67    4.00       2      55       0       1
    4.00    3.67    3.67       6      72       0       3
    4.60    2.00    3.33       3      40       0       1
    5.60    2.33    4.33       4      52       0       3
    4.20    5.00    5.33       2      42       1       1
    5.20    4.33    5.33       2      73       0       1
    4.80    4.00    4.67       4      32       1       3
    5.00    1.33    3.33       4      41       0       2
    1.40    4.33    1.33       7      69       1       3
    6.20    1.00    5.33       2      44       0       1
    2.80    2.33    1.33       5      67       1       3
    5.20    2.00    3.00       3      53       0       1
    7.00    2.33    5.00       5      67       1       1
    3.20    3.33    2.33       6      60       1       2
    5.60    2.00    4.33       6      54       1       3
    3.00    3.00    1.00       6      61       1       3
    5.00    1.33    2.00       4      39       1       2
    4.80    1.33    2.00       6      70       1       3
    4.40    3.67    2.67       4      63       0       1
    4.60    3.00    5.67       2      64       1       1
    3.60    6.00    1.67       7      69       1       3
    5.00    3.33    4.67       4      84       1       1
    4.00    3.00    2.00       2      54       0       1
    4.20    4.33    3.67       4      41       0       1
    5.00    3.00    4.33       2      68       1       1
    6.20    2.00    4.67       3      57       0       1
    6.60    2.67    4.00       4      42       0       1
    5.00    1.67    5.67       4      41       0       3
    1.00    6.00    1.00       7      43       0       3
    6.40    1.67    3.67       2      42       0       1
    5.60    1.00    5.00       4      33       1       2
    4.80    4.33    3.00       4      71       0       2
    2.40    2.67    2.33       4      67       1       3
    4.20    3.00    3.33       6      69       0       3
    4.20    3.67    3.00       3      57       1       1
    2.80    4.67    1.00       5      70       1       3
    5.40    2.67    2.00       6      60       1       3
    3.40    1.00    2.33       6      76       1       3
    5.40    4.00    2.67       4      33       0       1
    3.60    3.67    2.00       5      78       1       3
    1.00    2.00    1.00       6      67       1       3
    5.20    4.00    3.00       6      53       0       3
    6.00    3.67    4.00       4      51       1       2
    4.80    2.67    3.33       4      40       0       1
    2.80    1.00    2.67       7      44       1       2
    3.80    2.67    1.00       4      52       0       2
    3.60    2.00    2.00       6      63       1       3
    1.40    1.67    2.67       5      76       1       3
    4.60    5.00    5.00       1      28       0       1
    5.60    2.33    5.67       6      67       1       3
    6.00    4.33    6.00       4      71       1       1
    4.00    1.00    1.00       4      41       1       2
    4.40    3.33    2.67       4      66       1       1
    4.00    4.00    4.00       4      39       0       2
    1.40    1.00    1.00       7      73       1       3
    4.80    1.00    5.00       5      51       0       1
    3.80    3.33    3.33       6      79       0       2
    6.00    5.00    2.67       4      67       0       1
    4.60    1.00    4.00       1      53       0       1
    1.00    1.00    1.00       7      59       1       3
    5.80    2.00    4.67       4      66       1       1
    4.60    4.33    1.67       3      75       1       1
    3.00    1.33    3.33       5      83       1       2
    5.00    3.00    4.00       3      74       1       1
    5.60    3.33    5.00       5      66       1       1
    6.20    1.33    5.67       2      42       0       1
    5.00    1.67    1.33       3      37       0       2
    6.60    4.67    2.67       5      55       1       1
    4.80    1.00    3.67       2      51       0       1
    4.80    5.67    4.33       5      69       1       1
    5.40    3.67    1.33       7      63       1       3
    5.60    4.67    3.33       4      73       1       1
    4.40    2.33    2.67       3      61       1       1
    4.20    2.33    3.00       6      65       1       3
    6.40    2.00    2.00       4      56       1       2
    4.60    4.00    5.00       4      49       1       1
    5.20    3.67    2.67       3      77       1       1
    6.60    1.67    5.33       2      44       0       1
    4.40    2.67    2.00       4      63       1       1
    1.00    4.00    1.00       7      54       1       3
    7.00    3.00    6.00       1      40       0       1
    1.60    5.00    1.67       4      72       1       3
    4.60    5.00    1.67       3      48       1       3
    3.60    2.67    4.00       4      42       1       3
    3.40    3.00    3.33       6      67       0       3
    3.80    4.33    2.00       4      26       0       1
    4.00    2.00    1.00       4      56       0       1
    4.80    4.33    4.33       4      54       1       1
    5.60    4.00    2.67       3      46       0       1
    4.40    4.00    4.00       5      29       0       1
    4.80    2.33    1.67       6      68       1       1
    4.00    3.00    3.00       4      41       0       1
    4.80    1.33    6.00       5      64       0       3
    4.00    2.33    1.67       4      50       1       3
    5.80    3.33    4.00       1      56       1       1
    1.00    1.00    1.00       6      70       1       3
    4.40    4.00    4.00       3      33       1       2
    4.40    1.00    2.00       5      57       1       3
    4.80    1.00    1.00       5      70       0       3
    6.20    3.33    3.67       4      83       1       2
    5.80    2.00    4.33       4      21       1       1
    5.00    1.00    4.00       4      57       0       1
    4.40    3.67    3.67       3      59       1       1
    5.80    2.33    5.00       6      72       1       3
    2.00    2.33    2.00       7      48       1       3
    4.00    3.00    3.00       6      29       1       2
    4.40    4.67    3.67       2      53       1       3
    4.40    3.67    3.33       4      29       1       1
    4.60    3.67    1.00       4      33       0       2
    5.20    1.00    5.00       2      29       0       1
    4.00    4.67    4.67       7      46       0       1
    4.80    4.33    4.67       2      57       0       1
    5.40    4.67    3.00       2      49       0       2
    2.20    1.67    2.00       4      27       1       2
    5.20    2.67    4.67       4      29       1       1
    1.60    1.00    1.00       7      64       0       3
    5.80    4.00    1.67       4      61       0       2
    5.60    3.67    3.33       4      25       0       1
    5.80    2.67    4.67       4      40       0       1
    2.40    3.33    3.00       7      62       1       3
    6.60    2.00    6.00       3      70       1       1
    4.00    2.67    5.00       7      50       0       2
    5.40    2.33    6.00       2      30       0       1
    3.60    3.00    3.33       4      27       1       2
    3.80    4.33    2.67       4      41       0       1
    1.00    2.00    2.00       6      60       1       3
    3.40    3.67    1.33       5      69       0       3
    5.80    4.00    5.00       2      37       0       1
    1.00    1.00    1.00       6      64       1       3
    2.60    5.00    2.33       4      66       0       3
    4.60    2.00    3.00       5      32       0       3
    3.80    2.33    5.00       4      67       0       1
    3.20    5.00    2.00       6      62       1       3
    3.60    3.33    4.33       6      72       1       3
    5.20    2.67    4.33       4      63       1       2
    1.00    1.67    1.00       6      68       1       3
    4.20    3.00    1.00       7      41       0       3
    5.80    2.33    5.00       4      31       0       1
    5.20    2.00    4.67       4      51       0       1
    6.00    2.67    5.00       4      30       0       3
    5.60    4.33    3.00       4      78       1       1
    4.00    3.33    2.67       2      62       0       1
    4.80    3.00    4.00       5      77       0       3
    5.20    2.00    3.33       6      46       0       3
    4.40    2.67    4.00       2      36       0       1
    4.20    4.00    3.67       4      34       1       1
    3.60    5.00    3.00       6      42       0       3
    5.40    1.67    5.67       2      25       0       1
    4.80    1.33    4.00       7      26       1       3
    6.80    4.00    3.33       4      59       1       2
    4.40    1.00    1.00       4      30       0       2
    4.60    1.00    2.67       4      60       0       1
    6.40    1.00    4.67       5      27       1       3
    2.60    2.67    5.00       4      51       1       1
    5.40    1.67    5.00       3      48       0       1
    6.20    5.00    5.33       3      49       1       1
    5.60    4.67    3.00       4      75       0       1
    4.80    2.67    6.00       4      46       1       2
    4.60    4.33    4.67       3      66       1       1
    5.00    2.00    5.33       7      64       1       3
    5.60    5.00    3.67       2      35       1       1
    3.40    1.00    6.00       4      65       0       2
    5.80    4.33    4.00       3      77       0       1
    5.60    3.00    3.33       7      71       1       3
    5.60    4.33    5.00       5      54       0       3
    2.00    4.67    2.67       6      29       1       3
    5.60    3.67    5.00       2      70       0       3
    6.40    4.33    6.00       4      65       0       1
    3.40    1.00    3.67       4      27       1       2
    5.00    3.67    5.00       4      72       0       2
    5.00    3.33    2.33       4      67       1       1
    4.00    1.00    1.00       4      67       0       1
    5.00    2.00    2.67       3      73       1       1
    3.80    3.67    3.00       4      36       0       2
    6.60    2.00    5.67       3      58       1       1
    4.00    3.00    3.00       4      34       0       1
    4.20    1.33    4.33       4      53       0       1
    5.20    6.00    4.00       2      25       1       1
    5.20    1.67    3.00       2      33       0       1
    5.20    5.00    5.00       4      64       0       1
    3.20    4.67    2.33       5      80       0       1
    4.80    4.00    3.33       4      41       0       1
    4.00    4.00    4.00       4      27       1       1
    3.40    5.00    1.00       4      52       0       1
    3.80    3.00    3.67       4      28       0       2
    5.80    3.00    6.00       4      67       1       3
    6.00    4.67    4.67       2      25       0       2
    5.00    1.33    1.67       4      61       0       1
    2.20    1.00    1.00       7      68       1       3
    4.20    2.00    1.33       4      25       1       2
    5.20    5.00    5.00       2      27       1       2
    4.00    4.33    4.00       3      23       1       1
    4.80    5.00    3.67       4      65       1       1
    4.80    1.00    1.00       5      66       1       1
    4.60    1.00    1.00       2      50       1       1
    5.00    3.00    1.33       6      64       1       3
    4.00    4.67    5.00       4      33       0       1
    2.20    6.00    2.67       4      59       1       1
    5.20    4.00    4.67       4      79       1       1
    4.40    2.67    2.67       5      72       1       3
    5.60    5.33    4.67       6      60       0       1
    6.00    2.67    6.00       4      62       0       3
    5.80    3.33    4.33       2      63       1       1
    3.80    3.67    3.00       4      30       1       2
    3.60    3.00    2.00       4      67       1       2
    4.20    5.33    3.67       4      45       0       1
    4.80    2.00    6.00       2      41       0       1
    2.20    4.33    2.00       6      61       1       3
    1.20    4.00    1.00       7      62       1       3
    3.20    2.33    1.67       5      66       0       2
    1.00    1.00    1.00       4      46       1       2
    1.00    1.00    1.00       6      73       1       3
    5.60    3.67    4.33       4      60       1       2
    6.80    5.00    5.67       2      60       0       1
    4.20    4.00    1.33       4      65       1       2
    5.60    1.67    5.00       7      63       1       3
    5.40    3.67    4.00       5      59       0       3
    7.00    2.00    5.67       1      82       1       1
    4.40    2.00    6.00       4      55       1       3
    7.00    5.33    6.00       4      55       1       3
    5.60    4.00    2.33       5      67       1       3
    4.00    4.00    4.00       4      29       1       2
    5.00    3.00    4.00       2      68       1       1
    7.00    5.33    5.33       1      57       0       1
    5.60    2.67    5.67       2      72       1       1
    3.60    3.00    5.00       4      29       0       1
    6.60    2.00    5.00       1      26       0       1
    5.60    2.00    5.33       1      50       1       1
    1.00    1.00    1.00       6      58       1       3
    6.40    4.00    6.00       4      64       1       2
    2.20    4.67    1.67       4      60       1       2
    5.80    3.67    5.00       2      67       0       1
    5.00    1.00    1.00       1      34       0       1
    4.40    2.33    3.67       3      59       0       1
    4.60    1.67    1.67       5      23       1       3
    5.40    3.33    4.67       3      21       0       1
    4.00    2.67    1.33       4      27       1       2
    2.20    6.00    1.00       7      65       1       3
    3.60    2.33    4.33       4      30       0       2
    5.00    6.00    1.00       7      42       0       3
    3.40    1.67    3.67       5      53       0       3
    1.40    4.67    1.33       7      40       1       3
    3.80    2.00    1.67       6      44       0       3
    5.40    3.67    5.33       4      27       1       3
    5.20    1.67    2.33       3      22       0       3
    5.20    5.00    3.67       5      55       0       3
    4.40    2.67    3.67       4      72       0       1
    4.60    4.33    3.67       2      24       0       1
    4.20    5.33    4.00       5      63       0       3
    4.80    4.00    3.00       5      63       0       1
    6.00    4.00    2.67       2      68       0       1
    6.00    5.00    6.00       4      35       0       2
    6.20    4.33    4.33       4      47       0       2
    4.60    2.67    1.33       4      41       0       1
    1.20    2.00    2.67       5      68       1       2
    5.00    5.00    2.33       4      68       1       3
    2.40    4.00    1.00       6      42       0       3
    4.00    2.67    1.33       5      73       1       3
    5.80    2.00    4.00       4      25       1       1
    3.60    3.33    2.00       5      61       1       3
    5.20    1.00    3.67       5      55       0       3
    3.60    2.67    1.00       4      34       1       2
    4.40    1.00    5.67       5      66       0       1
    4.80    2.00    5.00       2      65       0       2
    7.00    1.33    6.00       5      40       0       1
    5.20    2.33    4.67       3      30       1       1
    3.40    1.00    4.33       4      42       0       1
    4.20    4.33    2.00       7      53       1       3
    4.00    4.00    4.00       2      60       1       1
    4.80    1.00    1.33       4      20       0       2
    3.00    3.00    1.00       6      67       0       3
    5.80    5.00    4.67       3      68       0       1
    2.80    4.33    2.67       4      26       1       2
    6.20    2.33    5.33       1      48       1       1
    3.60    3.33    3.00       6      64       1       3
    2.80    4.00    1.33       4      62       1       1
    4.00    4.00    3.33       2      21       0       1
    4.80    5.00    5.33       4      73       1       1
    4.20    5.00    3.67       4      57       0       1
    5.80    4.33    4.00       3      71       1       1
    4.00    4.00    4.33       4      55       0       2
    5.80    3.00    3.67       1      26       0       1
    3.40    1.67    3.33       5      83       0       2
    4.00    5.33    2.00       2      47       0       1
    5.00    2.00    2.67       6      57       1       3
    4.60    2.00    3.33       4      35       0       1
    1.00    6.00    1.00       4      71       1       3
    5.20    2.67    1.33       6      29       0       3
    4.20    4.00    3.00       6      76       1       3
    5.60    2.67    4.00       2      55       0       2
    3.60    3.33    4.67       4      28       1       2
    5.20    3.33    5.33       4      58       0       2
    5.20    2.00    2.00       4      47       0       1
    4.60    3.67    3.33       2      30       1       1
    2.20    5.33    1.00       6      52       1       3
    7.00    1.00    3.67       3      31       1       1
    3.60    2.33    4.67       6      62       1       3
    6.40    3.33    6.00       7      72       1       3
    5.80    3.67    5.00       6      50       0       3
    4.40    2.33    2.67       4      29       0       1
    6.40    4.00    3.33       1      45       0       1
    4.60    4.33    4.00       4      65       0       2
    5.20    2.67    4.00       4      37       0       3
    5.60    4.00    3.67       5      30       0       3
    6.00    2.33    3.67       7      44       0       3
    4.80    4.67    3.33       4      65       1       3
    5.60    3.33    3.00       4      41       1       2
    4.00    4.00    4.00       4      38       1       1
    5.20    2.33    3.67       3      59       0       3
    5.20    3.00    3.33       3      19       1       1
    4.80    4.67    3.00       4      32       1       1
    4.20    2.00    2.67       4      55       0       1
    6.00    4.00    5.00       4      53       0       3
    2.00    1.00    1.00       4      35       0       3
    4.20    2.33    3.33       5      40       0       1
    6.20    2.00    4.67       3      65       1       1
    1.20    3.00    1.33       6      71       1       3
    6.00    4.67    5.33       5      69       1       3
    4.60    4.00    1.00       4      51       1       1
    5.60    3.00    4.67       5      39       0       3
    5.60    5.33    6.00       7      72       1       2
    5.00    4.00    3.33       7      26       1       1
    4.60    1.00    5.00       1      32       1       1
    4.00    1.00    2.00       4      25       0       2
    6.20    2.67    5.00       4      32       1       2
    4.00    3.00    3.33       1      23       1       1
    4.60    5.67    2.67       4      19       1       1
    3.40    1.00    4.33       4      22       0       1
    4.00    2.00    3.67       4      29       0       3
    4.60    3.67    4.00       3      62       0       3
    6.40    4.00    4.00       4      39       0       2
    5.80    4.67    4.67       7      49       0       2
    6.40    3.67    6.00       2      37       0       1
    4.20    1.00    2.67       2      43       1       1
    5.40    2.00    5.00       5      59       1       3
    5.00    5.67    5.67       2      32       1       1
    6.40    6.00    5.00       5      57       1       3
    1.00    1.00    1.00       7      39       0       1
    3.40    2.00    2.00       4      33       0       1
    6.20    5.33    5.00       4      51       1       1
    3.20    2.67    1.67       4      25       0       3
    4.40    3.33    3.33       4      26       0       1
    4.80    4.33    5.00       2      48       1       1
    5.20    3.67    4.67       4      27       1       2
    4.80    2.00    4.67       3      54       1       2
    4.00    4.67    3.67       4      30       0       2
    5.40    2.33    3.67       5      53       1       1
    4.40    5.00    3.67       2      36       0       1
    4.60    3.33    3.33       5      60       0       1
    3.00    4.00    5.00       3      50       0       1
    7.00    4.00    5.00       4      27       1       2
    4.60    1.33    1.33       3      22       0       2
    4.60    4.67    5.33       4      68       1       1
    4.20    6.00    4.00       4      52       0       2
    2.80    5.00    1.00       7      61       1       3
    4.00    3.00    4.00       3      38       0       1
    5.00    5.33    1.00       2      21       1       2
    4.00    5.00    5.00       3      36       0       3
    5.20    4.67    4.00       4      22       0       1
    1.20    1.00    1.00       6      66       0       3
    5.60    3.33    5.67       4      64       0       1
    2.00    4.00    1.00       5      68       1       3
    3.60    3.33    3.67       4      51       1       1
    2.80    2.00    3.00       4      31       0       2
    4.80    2.67    5.00       1      18       1       1
    4.60    5.00    5.00       4      34       0       1
    6.00    2.33    4.33       5      55       1       1
    4.60    2.67    5.33       6      43       0       1
    5.80    5.00    6.00       6      50       0       1
    7.00    2.67    6.00       1      64       1       1
    5.40    3.00    3.67       2      33       1       1
    4.80    3.33    2.00       5      38       0       2
    4.80    2.00    5.67       2      55       0       1
    2.80    1.00    1.00       4      30       0       1
    5.40    4.67    1.67       4      26       1       2
    4.60    3.33    3.67       3      26       0       1
    5.40    2.67    4.67       4      61       1       1
    4.00    1.00    1.00       7      30       0       3
    5.40    4.67    6.00       2      68       0       1
    5.40    5.00    3.33       4      87       1       1
    4.00    3.67    3.33       4      43       0       2
    5.00    5.33    3.67       4      32       0       1
    6.00    4.00    5.00       5      63       1       2
    3.20    1.00    1.00       7      57       0       3
    5.80    3.67    4.33       2      55       0       1
    4.40    2.00    4.67       4      69       0       1
    4.00    4.67    3.00       4      75       0       1
    5.40    5.00    3.33       3      54       1       1
    4.00    3.33    4.00       4      43       0       2
    5.20    3.00    2.33       3      26       1       1
    1.40    6.00    1.33       6      62       0       3
    5.80    4.00    4.00       2      33       1       1
    4.00    4.00    5.33       4      36       1       1
    6.80    3.67    6.00       7      52       1       3
    6.20    4.67    6.00       4      83       1       1
    3.60    2.00    2.67       2      55       0       1
    4.60    2.67    3.33       4      18       0       2
    5.80    4.00    4.00       2      30       1       2
    5.80    4.00    4.00       3      59       0       1
    7.00    2.33    3.00       1      51       1       1
    5.40    1.67    3.00       4      41       0       3
    1.20    1.67    1.00       6      60       1       2
    3.40    5.00    3.33       4      39       0       3
    4.40    2.00    2.33       4      64       1       2
    2.20    3.67    2.00       6      52       1       3
    3.00    5.00    1.00       5      55       1       3
    5.00    3.33    1.67       4      45       1       3
    5.40    4.00    3.33       3      45       0       1
    4.00    3.67    1.67       6      66       1       3
    7.00    4.00    6.00       2      73       1       1
    4.40    1.00    4.00       4      40       0       2
    4.20    4.33    2.00       2      29       0       1
    2.80    4.00    2.67       6      73       1       3
    4.20    2.33    3.67       5      54       0       3
    4.60    3.33    2.67       6      49       1       3
    3.80    4.00    4.00       5      54       1       3
    5.20    3.00    4.00       4      48       1       2
    6.20    4.33    5.33       4      63       0       2
    4.60    3.33    5.00       4      36       0       1
    4.00    3.00    3.00       4      25       0       1
    5.80    2.67    6.00       4      62       0       3
    5.00    3.67    3.33       4      65       1       3
    4.00    3.33    4.00       4      65       0       1
    4.20    2.67    3.33       4      42       0       3
    6.00    1.00    1.67       3      32       1       1
    4.40    1.00    2.67       4      58       0       1
    5.20    2.33    4.00       3      40       0       1
    3.60    4.00    3.67       4      71       0       3
    6.00    3.33    5.00       2      60       1       1
    5.60    5.67    4.00       4      28       1       1
    3.80    3.33    4.33       5      64       0       3
    4.00    6.00    6.00       3      19       0       1
    4.40    2.00    4.33       1      44       1       1
    4.00    2.00    3.67       4      18       1       1
    5.40    2.33    4.00       2      29       1       1
    5.60    4.33    5.33       4      59       0       2
    4.00    2.67    4.00       5      80       1       2
    5.00    4.00    4.00       3      27       0       1
    4.00    1.33    1.67       7      62       1       3
    5.40    3.00    5.00       2      19       1       1
    4.00    4.00    2.00       2      26       1       2
    2.20    4.67    1.00       7      50       1       3
    4.40    4.33    4.67       4      59       0       1
    4.20    3.00    3.00       3      47       1       1
    3.20    5.33    2.00       6      63       1       3
    2.20    4.00    1.67       5      67       1       3
    5.80    1.67    1.00       4      42       0       3
    5.20    2.33    3.33       6      71       0       3
    7.00    3.67    4.00       4      49       1       1
    5.20    3.00    3.33       2      55       1       1
    6.00    3.67    6.00       4      44       0       2
    4.40    4.67    4.33       4      20       0       1
    5.80    4.33    4.00       2      31       1       2
    6.20    3.33    5.67       4      44       1       1
    4.80    3.67    3.67       5      56       1       3
    5.20    3.67    4.33       3      24       1       1
    6.80    4.33    6.00       6      40       1       1
    4.80    2.33    4.00       3      35       0       1
    5.80    3.00    4.33       3      54       1       1
    2.80    3.67    3.67       5      38       0       2
    4.40    3.33    1.67       5      40       1       3
    5.60    1.00    1.00       7      53       1       3
    5.00    2.67    3.67       3      53       1       1
    4.80    4.00    5.33       6      64       0       1
    5.60    4.33    4.67       2      68       0       1
    1.20    6.00    1.00       6      34       1       3
    4.40    2.67    2.67       3      36       1       3
    1.80    1.67    1.00       7      62       1       3
    5.20    5.00    5.00       6      60       1       3
    3.60    3.00    2.67       7      79       0       3
    4.00    4.00    2.33       4      29       1       2
    5.60    3.67    1.67       2      32       0       1
    5.00    4.00    4.00       5      23       1       1
    4.00    3.00    3.00       3      53       1       3
    1.00    3.67    1.00       7      63       1       3
    5.20    1.00    5.67       4      40       0       3
    3.80    2.00    1.00       6      29       1       3
    6.20    2.00    5.33       3      61       0       1
    1.20    1.33    1.00       7      31       0       3
    4.80    1.33    4.67       6      43       0       3
    6.60    1.00    6.00       4      59       1       1
    6.80    2.67    2.67       1      74       1       1
    4.00    1.00    1.00       4      24       1       2
    3.60    5.67    3.00       4      54       0       1
    3.40    1.67    4.00       4      38       0       2
    3.40    3.00    3.00       4      27       0       2
    3.00    2.67    1.00       4      53       1       3
    4.00    2.67    2.00       6      39       0       1
    4.80    2.67    4.33       3      23       1       1
    3.40    2.00    1.00       4      41       1       1
    3.60    1.00    1.00       5      70       1       3
    4.60    3.67    4.00       4      74       0       2
    4.60    4.00    4.33       3      62       1       1
    4.80    3.33    5.00       5      33       1       3
    6.80    3.00    2.67       4      39       1       2
    4.60    1.00    1.67       4      20       1       2
    7.00    2.33    5.67       5      21       0       3
    6.40    3.67    5.33       2      23       0       1
    4.80    2.33    1.67       4      50       1       2
    5.00    4.00    4.00       2      27       1       2
    4.80    1.33    5.00       4      54       1       1
    6.00    4.33    4.00       4      31       1       2
    5.80    5.33    5.33       3      67       0       1
    2.80    6.00    5.67       2      62       0       3
    6.00    2.33    5.67       3      56       0       1
    2.20    4.67    2.00       6      53       1       3
    6.20    6.00    6.00       3      30       1       1
    6.00    2.00    5.00       2      60       1       1
    3.20    2.33    2.00       6      66       1       3
    1.80    3.33    6.00       4      55       0       3
    5.40    1.67    4.67       4      43       0       3
    6.40    4.67    5.33       2      45       0       1
    5.60    2.67    6.00       7      64       0       3
    2.60    1.00    6.00       4      32       0       3
    5.40    1.00    6.00       6      54       1       3
    1.20    5.00    1.00       6      49       0       3
    6.60    5.00    5.00       4      57       1       2
    5.00    1.00    1.33       2      44       0       1
    5.00    1.67    4.67       4      39       0       2
    6.40    2.67    5.33       5      41       0       3
    1.80    1.33    1.00       6      55       1       2
    4.00    5.00    1.33       6      62       1       3
    5.20    3.00    3.67       4      62       1       2
    2.40    4.00    2.00       6      66       1       3
    4.00    3.33    2.00       6      52       0       3
    4.40    4.00    2.33       5      63       1       3
    5.20    1.00    3.33       4      24       0       1
    2.80    4.33    2.33       7      69       1       3
    5.40    1.00    2.00       4      55       0       3
    5.00    3.00    4.00       3      35       0       1
    2.20    3.33    1.33       7      49       1       3
    4.00    4.67    4.67       2      42       0       1
    6.20    1.00    6.00       1      67       0       1
    5.20    2.33    5.33       4      55       0       1
    4.40    1.67    3.67       1      35       0       1
    4.80    4.00    5.67       2      63       1       1
    5.40    1.00    6.00       4      64       0       3
    5.20    4.00    4.67       6      61       1       1
    4.80    3.67    3.67       4      49       1       2
    7.00    6.00    5.67       2      32       1       1
    3.80    2.67    4.00       5      68       0       1
    4.80    4.67    5.67       4      50       1       2
    5.00    3.33    2.00       4      35       0       1
    4.20    2.00    1.67       6      73       0       3
    6.40    2.33    5.00       4      34       1       2
    4.80    3.33    4.00       7      47       1       3
    2.60    1.00    1.00       6      75       0       3
    4.80    4.00    4.00       6      69       0       3
    4.20    3.00    5.67       5      73       1       3
    7.00    6.00    5.33       6      33       0       3
    6.60    5.67    4.67       4      27       1       2
    4.80    1.00    6.00       1      40       0       1
    4.60    1.67    2.00       6      30       1       3
    5.00    2.33    4.33       3      27       0       2
    4.80    1.00    2.33       4      31       1       2
    4.60    1.67    1.67       4      23       1       2
    3.80    2.67    3.67       4      43       0       2
    5.60    1.00    5.00       2      21       0       1
    2.60    4.00    3.33       3      53       0       1
    3.00    4.00    2.00       4      29       0       3
    5.40    1.33    6.00       4      67       0       2
    4.20    1.33    2.00       4      30       1       1
    6.80    1.67    6.00       5      47       0       1
    5.40    3.33    2.33       4      31       1       2
    5.20    1.00    2.67       4      64       0       2
    4.00    2.33    3.00       5      65       1       3
    4.60    5.00    3.00       6      65       0       3
    4.40    4.33    6.00       4      47       1       2
    4.20    3.67    3.67       3      22       1       1
    5.20    4.67    4.33       6      64       0       3
    4.20    3.00    3.00       4      59       0       2
    4.00    3.33    4.00       4      18       0       2
    3.40    2.33    4.67       4      19       1       1
    3.40    4.00    5.67       5      44       0       3
    5.60    4.00    4.33       2      41       0       2
    5.20    3.67    2.33       4      28       0       2
    3.40    3.67    3.67       2      22       1       1
    4.40    2.33    5.00       5      62       1       3
    5.00    4.67    3.33       2      29       0       1
    4.00    2.33    5.00       4      52       0       2
    6.40    2.00    5.67       3      65       0       1
    6.60    1.00    4.00       6      54       0       2
    6.60    1.67    4.67       4      51       0       1
    5.20    3.67    3.67       4      19       0       2
    5.80    2.33    4.33       2      27       1       1
    2.40    2.00    6.00       4      42       0       1
    6.80    3.00    3.33       2      70       0       1
    5.00    5.33    4.00       4      73       1       2
    4.00    4.67    4.67       4      42       0       2
    3.80    1.67    2.67       7      42       0       3
    4.60    4.33    3.33       5      23       0       3
    3.60    5.67    1.67       4      19       0       1
    5.00    2.67    5.33       4      22       1       2
    5.00    6.00    6.00       3      30       0       2
    6.80    6.00    6.00       4      51       1       2
    1.60    1.00    1.00       7      34       1       3
    5.00    4.00    4.00       3      63       0       2
    4.00    2.00    4.00       4      29       1       2
    6.40    2.00    4.67       4      46       0       3
    5.00    2.00    4.33       4      43       0       2
    3.60    3.00    1.33       4      56       0       2
    2.40    5.00    2.00       7      48       1       3
    4.00    3.00    3.00       4      64       0       1
    7.00    6.00    6.00       1      22       0       1
    4.40    3.33    4.33       5      44       1       3
    4.60    3.33    3.33       5      25       0       3
    3.40    2.00    2.00       4      24       1       2
    4.20    3.00    6.00       2      55       0       2
    4.60    3.00    3.33       2      41       0       1
    5.80    2.33    3.67       2      65       0       1
    6.20    4.67    4.33       5      36       0       3
    5.40    3.00    6.00       2      56       1       1
    5.40    5.67    4.00       6      36       0       3
    4.80    1.33    5.67       4      36       0       2
    3.40    5.67    5.00       4      29       0       2
    5.20    3.67    1.67       5      44       0       1
    3.40    2.00    3.33       3      40       0       1
    4.20    3.33    2.67       4      51       0       1
    2.20    3.33    3.67       4      30       1       2
    6.20    1.33    2.00       4      43       0       3
    4.60    4.67    4.00       4      50       1       1
    5.60    4.33    3.00       3      40       0       1
    6.60    4.00    5.33       3      56       1       1
    6.40    1.67    1.67       5      65       0       3
    5.60    2.33    5.33       5      62       1       3
    7.00    3.00    5.00       1      22       0       1
    3.60    6.00    6.00       4      43       1       2
    6.20    4.67    6.00       3      34       1       2
    4.00    3.00    3.67       4      29       1       2
    5.20    2.67    4.00       4      44       0       3
    4.00    4.00    2.33       4      32       0       3
    2.20    3.00    1.00       6      59       1       3
    6.40    3.67    5.67       1      66       1       1
    4.20    4.00    5.00       4      66       0       1
    2.60    1.00    2.00       5      44       0       3
    2.00    4.33    2.00       6      72       1       3
    5.00    4.00    4.00       4      68       1       2
    6.00    3.33    4.00       4      33       1       1
    6.00    4.33    4.67       4      17       1       2
    5.20    3.33    5.67       2      32       0       1
    6.60    4.00    4.33       3      63       1       2
    5.00    1.00    2.00       4      54       0       3
    5.80    3.33    5.33       3      59       1       1
    5.60    3.33    5.33       6      65       1       2
    5.60    2.00    3.67       5      59       1       2
    6.00    5.33    5.67       4      42       0       1
    4.40    3.33    3.67       3      48       1       1
    5.60    2.33    6.00       4      45       1       1
    5.20    5.67    4.67       5      43       0       3
    5.00    1.33    4.67       4      60       0       1
    4.20    3.00    3.00       2      71       0       1
    4.40    5.00    5.33       5      41       1       1
    5.20    1.00    5.00       2      38       0       1
    5.20    3.00    6.00       3      29       1       1
    5.20    5.00    3.00       4      36       0       3
    4.60    1.00    2.67       1      63       0       1
    6.40    3.67    3.00       4      55       1       1
    5.40    3.00    3.00       4      41       0       1
    2.60    1.00    1.00       6      67       0       3
    4.20    4.00    4.00       4      49       0       2
    3.60    2.00    5.33       6      42       0       1
    4.40    2.33    2.67       4      40       0       2
    6.20    2.00    5.33       4      31       0       1
    5.80    2.67    5.00       3      44       0       2
    5.60    3.67    3.67       3      55       1       2
    1.80    1.00    1.00       7      63       1       3
    5.80    3.33    6.00       4      34       0       2
    4.00    1.67    1.33       5      46       1       3
    5.00    4.33    3.67       4      19       1       3
    5.40    2.00    4.67       4      57       0       2
    5.40    3.67    4.00       2      49       0       1
    4.00    3.67    4.33       3      26       0       1
    5.40    4.00    5.00       5      62       1       3
    4.00    5.33    4.33       1      43       0       2
    4.00    2.33    2.67       4      42       0       2
    5.00    2.33    5.00       2      21       0       1
    2.20    5.00    1.00       4      54       0       2
    3.40    3.67    2.00       5      19       0       3
    6.00    1.33    2.33       2      35       0       1
    5.80    1.00    5.00       4      54       1       1
    7.00    1.00    2.00       6      27       0       2
    2.40    3.67    1.67       6      38       0       3
    4.60    3.67    3.67       4      51       1       3
    5.40    2.00    5.33       4      28       0       1
    5.20    4.00    3.33       4      41       0       1
    4.60    3.33    5.33       2      27       0       2
    4.00    4.00    4.00       4      33       1       2
    4.60    5.00    5.67       6      33       0       1
    3.20    2.67    4.00       5      29       0       3
    5.00    5.00    4.00       1      79       0       1
    6.80    3.33    4.67       2      67       0       1
    4.20    4.00    4.00       4      49       0       2
    5.60    5.00    2.33       5      31       1       3
    5.00    3.00    2.33       4      39       0       1
    5.00    1.33    6.00       4      31       0       2
    2.00    1.00    1.00       7      42       0       3
    1.80    2.67    1.67       6      40       0       3
    5.80    1.67    6.00       3      44       0       1
    4.40    3.33    1.00       5      18       1       2
    5.80    2.33    5.00       4      40       0       1
    5.40    5.00    5.67       4      38       0       2
    4.80    2.00    5.33       6      31       0       3
    5.80    2.00    4.67       3      36       0       1
    4.00    1.00    1.00       6      52       0       3
    7.00    1.67    5.33       3      50       0       1
    4.20    2.00    4.00       1      36       0       3
    5.20    3.33    5.00       3      27       1       2
    4.80    1.00    4.00       2      29       0       1
    5.20    4.67    4.67       2      42       0       1
    5.20    2.67    1.67       4      58       1       3
    6.80    3.33    4.67       4      30       1       2
    7.00    3.00    6.00       4      48       0       2
    5.80    3.67    3.67       2      40       1       1
    5.60    3.67    5.33       3      43       0       1
    4.60    3.00    2.00       6      52       1       3
    5.80    1.67    6.00       5      18       0       3
    5.80    1.33    5.33       3      58       1       2
    3.20    4.00    5.00       4      52       1       2
    3.40    1.00    1.00       7      67       0       3
    1.60    3.67    1.67       7      72       1       3
    5.40    2.67    3.33       6      36       0       2
    5.40    5.33    6.00       4      82       1       1
