    1.00    4.00   39.00    3.00    1.00    4.00    1.00
     .00    2.00   57.00    3.00    1.00    3.00    1.00
    1.00    3.00   63.00    2.00     .00    6.00    1.00
    1.00    1.00   56.00    5.00    1.00    3.00    1.00
    1.00    1.00   50.00    3.00     .00    3.00    1.00
     .00    2.00   87.00    2.00    1.00    5.00     .00
    1.00    1.00   33.00    7.00     .00    6.00     .00
    1.00    2.50   64.00    2.00    1.00    3.00    1.00
     .00    3.00   82.00    3.00     .00    6.00     .00
    1.00    1.00   28.00    3.00     .00    7.00     .00
    1.00    2.00   18.00    1.00    1.00    4.00     .00
    1.00    3.50   52.00    1.00     .00    2.00    1.00
     .00    1.00   42.00    5.00     .00    7.00    1.00
    1.00    1.00   39.00    4.00    1.00    6.00     .00
     .00    1.50   64.00    3.00     .00    5.00    1.00
    1.00    3.00   72.00    2.00     .00    6.00    1.00
     .00    1.00   54.00    3.00     .00    6.00    1.00
     .00    2.00   84.00    4.00     .00    3.00    1.00
    1.00    1.50   55.00    7.00    1.00    7.00     .00
    1.00    1.00   27.00    2.00    1.00    6.00     .00
     .00    1.00   42.00    3.00    1.00    5.00     .00
    1.00    1.50   77.00    5.00     .00    5.00     .00
     .00    3.00   37.00    4.00    1.00    3.00    1.00
    1.00    1.00   42.00    5.00    1.00    4.00     .00
     .00    1.00   27.00    5.00    1.00    6.00     .00
    1.00    3.00   66.00    3.00    1.00    2.00     .00
     .00    1.00   76.00    3.00    1.00    7.00     .00
    1.00    1.00   49.00    2.00     .00    6.00     .00
     .00    1.00   37.00    2.00     .00    2.00    1.00
     .00    1.50   38.00    5.00     .00    6.00     .00
    1.00    1.00   48.00    4.00    1.00    4.00    1.00
     .00    1.00   32.00    2.00     .00    5.00    1.00
    1.00    1.00   51.00    6.00    1.00    4.00     .00
     .00    1.00   33.00    4.00     .00    5.00     .00
    1.00    1.00   36.00    6.00    1.00    5.00     .00
     .00    2.50   34.00    6.00     .00    5.00     .00
    1.00    3.00   42.00    7.00    1.00    3.00    1.00
     .00    1.00   27.00    3.00    1.00    4.00    1.00
    1.00    3.00   40.00    7.00    1.00    2.00    1.00
    1.00    1.00   49.00    5.00    1.00    7.00     .00
    1.00    4.00   37.00    5.00    1.00    4.00     .00
     .00    3.00   51.00    7.00    1.00    4.00    1.00
     .00    1.00   78.00    5.00     .00    6.00     .00
     .00    4.00   75.00    2.00    1.00    2.00    1.00
     .00    1.00   60.00    2.00    1.00    4.00     .00
     .00    3.50   19.00    3.00     .00    4.00    1.00
     .00    1.00   77.00    5.00     .00    4.00     .00
    1.00    1.00   35.00    4.00    1.00    4.00     .00
     .00    1.00   48.00    3.00    1.00    4.00     .00
     .00    1.00   73.00    5.00     .00    7.00     .00
     .00    3.00   38.00    2.00    1.00    6.00     .00
    1.00    4.00   55.00    7.00    1.00    1.00    1.00
    1.00    2.00   42.00    2.00    1.00    2.00    1.00
     .00    2.00   40.00    7.00    1.00    3.00     .00
    1.00    2.50   61.00    7.00     .00    2.00    1.00
    1.00    1.50   57.00    3.00    1.00    5.00     .00
     .00    3.00   52.00    4.00     .00    4.00    1.00
    1.00    2.00   56.00    3.00    1.00    3.00    1.00
    1.00    2.00   85.00    4.00    1.00    6.00     .00
     .00    1.00   53.00    2.00     .00    1.00    1.00
    1.00    1.00   46.00    2.00    1.00    2.00    1.00
     .00    1.00   34.00    3.00    1.00    1.00    1.00
     .00    1.00   25.00    6.00     .00    1.00     .00
    1.00    1.00   33.00    2.00     .00    5.00    1.00
    1.00    1.00   37.00    5.00     .00    3.00     .00
    1.00    1.00   32.00    7.00     .00    2.00    1.00
     .00    3.00   39.00    5.00    1.00    4.00    1.00
     .00    3.00   40.00    2.00     .00    4.00    1.00
     .00    4.00   54.00    2.00     .00    6.00     .00
     .00    2.00   64.00    3.00     .00    4.00     .00
     .00    1.00   62.00    3.00    1.00    5.00     .00
    1.00    3.50   40.00    2.00    1.00    6.00    1.00
    1.00    1.00   76.00    3.00     .00    4.00    1.00
    1.00    3.00   24.00    5.00    1.00    2.00     .00
    1.00    1.00   53.00    3.00    1.00    4.00     .00
     .00    1.50   23.00    5.00     .00    2.00    1.00
     .00    1.00   42.00    4.00     .00    6.00     .00
     .00    1.50   24.00    2.00     .00    4.00    1.00
    1.00    1.00   69.00    2.00     .00    4.00     .00
     .00    3.00   54.00    1.00     .00    4.00    1.00
    1.00    1.00   40.00    4.00    1.00    4.00     .00
     .00    1.00   43.00    2.00     .00    3.00     .00
     .00    3.00   56.00    3.00     .00    3.00    1.00
     .00    1.00   40.00    2.00     .00    3.00     .00
    1.00    1.00   55.00    4.00     .00    6.00    1.00
     .00    2.00   23.00    2.00     .00    4.00     .00
    1.00    1.00   46.00    5.00    1.00    6.00     .00
    1.00    1.50   20.00    3.00    1.00    1.00    1.00
    1.00    1.00   56.00    2.00     .00    7.00     .00
     .00    4.00   47.00    2.00     .00    2.00    1.00
    1.00    3.00   55.00    4.00    1.00    7.00     .00
     .00    3.00   45.00    5.00     .00    2.00    1.00
     .00    1.00   48.00    5.00    1.00    6.00     .00
    1.00    1.00   65.00    4.00     .00    4.00    1.00
    1.00    2.00   68.00    2.00    1.00    4.00    1.00
     .00    1.00   56.00    3.00     .00    6.00     .00
     .00    1.50   32.00    5.00     .00    1.00    1.00
     .00    1.00   74.00    3.00     .00    4.00     .00
     .00    2.00   54.00    5.00     .00    6.00     .00
     .00    2.00   78.00    4.00    1.00    5.00     .00
    1.00    2.00   47.00    7.00     .00    3.00    1.00
     .00    1.00   58.00    1.00     .00    6.00    1.00
    1.00    1.50   38.00    4.00     .00    3.00    1.00
     .00    4.00   23.00    4.00     .00    5.00    1.00
    1.00    1.00   55.00    3.00     .00    5.00     .00
     .00    3.00   52.00    5.00     .00    6.00     .00
     .00    1.00   53.00    7.00     .00    4.00    1.00
    1.00    1.00   51.00    5.00    1.00    3.00    1.00
    1.00    1.00   57.00    5.00     .00    7.00     .00
    1.00    2.00   51.00    5.00    1.00    6.00     .00
     .00    1.00   46.00    2.00     .00    5.00     .00
     .00    1.00   72.00    4.00     .00    3.00    1.00
     .00    1.00   56.00    2.00     .00    4.00     .00
     .00    1.00   33.00    3.00    1.00    6.00     .00
    1.00    2.00   67.00    7.00     .00    2.00    1.00
    1.00    1.00   48.00    6.00    1.00    3.00     .00
    1.00    1.00   53.00    7.00    1.00    4.00     .00
     .00    3.00   52.00    5.00    1.00    2.00    1.00
    1.00    1.00   44.00    3.00     .00    3.00    1.00
     .00    2.00   69.00    3.00     .00    4.00     .00
    1.00    1.00   60.00    2.00     .00    3.00    1.00
    1.00    1.00   67.00    2.00     .00    5.00     .00
     .00    3.00   48.00    5.00    1.00    4.00     .00
     .00    1.00   28.00    5.00    1.00    7.00     .00
    1.00    3.00   51.00    2.00     .00    4.00    1.00
    1.00    1.00   64.00    1.00    1.00    4.00     .00
    1.00    1.00   29.00    5.00     .00    4.00     .00
    1.00    4.00   32.00    7.00     .00    1.00    1.00
     .00    1.00   57.00    3.00    1.00    5.00     .00
     .00    4.00   57.00    2.00    1.00    7.00     .00
     .00    3.00   54.00    2.00    1.00    3.00    1.00
    1.00    1.50   42.00    3.00    1.00    5.00     .00
    1.00    1.00   53.00    5.00    1.00    4.00    1.00
    1.00    2.50   64.00    2.00     .00    4.00    1.00
     .00    4.00   28.00    4.00    1.00    4.00    1.00
    1.00    1.00   68.00    7.00     .00    5.00     .00
     .00    1.50   45.00    2.00     .00    4.00    1.00
    1.00    4.00   55.00    2.00    1.00    6.00    1.00
    1.00    1.00   19.00    2.00    1.00    7.00     .00
     .00    1.00   38.00    5.00    1.00    5.00     .00
    1.00    1.00   49.00    7.00     .00    1.00    1.00
    1.00    1.50   79.00    3.00     .00    4.00    1.00
    1.00    1.00   71.00    7.00    1.00    7.00     .00
     .00    3.50   31.00    7.00     .00    7.00     .00
    1.00    2.50   33.00    7.00     .00    7.00     .00
     .00    1.00   70.00    7.00    1.00    3.00     .00
     .00    4.00   18.00    1.00     .00    4.00    1.00
    1.00    1.50   35.00    2.00     .00    3.00    1.00
    1.00    2.00   34.00    3.00    1.00    2.00    1.00
     .00    2.00   59.00    2.00     .00    4.00    1.00
     .00    2.50   44.00    2.00    1.00    4.00    1.00
     .00    1.00   65.00    2.00    1.00    5.00     .00
    1.00    2.00   21.00    2.00     .00    3.00    1.00
    1.00    1.00   42.00    2.00     .00    4.00    1.00
     .00    1.50   47.00    2.00    1.00    2.00     .00
    1.00    1.00   48.00    2.00     .00    3.00    1.00
     .00    4.00   53.00    3.00     .00    3.00    1.00
    1.00    1.00   63.00    1.00     .00    4.00     .00
    1.00    1.00   54.00    2.00    1.00    6.00     .00
    1.00    3.00   47.00    2.00    1.00    5.00    1.00
     .00    2.00   50.00    5.00    1.00    3.00    1.00
     .00    1.00   54.00    1.00    1.00    1.00    1.00
    1.00    1.00   45.00    4.00    1.00    6.00     .00
    1.00    2.50   37.00    7.00     .00    2.00    1.00
     .00    3.00   48.00    7.00    1.00    2.00    1.00
    1.00    4.00   31.00    5.00     .00    1.00    1.00
    1.00    1.00   52.00    3.00     .00    5.00     .00
    1.00    1.00   24.00    3.00    1.00    4.00     .00
     .00    1.00   40.00    6.00    1.00    2.00    1.00
     .00    4.00   53.00    2.00     .00    3.00    1.00
    1.00    1.50   40.00    3.00     .00    2.00    1.00
    1.00    4.00   58.00    7.00     .00    7.00    1.00
    1.00    2.00   42.00    4.00     .00    2.00    1.00
     .00    1.50   26.00    2.00    1.00    6.00     .00
    1.00    3.00   72.00    2.00    1.00    6.00     .00
    1.00    1.00   46.00    2.00     .00    4.00    1.00
     .00    2.00   56.00    5.00    1.00    5.00     .00
    1.00    1.00   37.00    4.00    1.00    7.00     .00
     .00    1.00   83.00    2.00     .00    3.00     .00
    1.00    1.00   50.00    2.00     .00    6.00     .00
    1.00    1.00   68.00    2.00     .00    5.00     .00
    1.00    1.00   53.00    4.00    1.00    7.00     .00
    1.00    3.00   33.00    7.00     .00    4.00    1.00
     .00    2.50   75.00    1.00     .00    6.00    1.00
    1.00    1.00   67.00    2.00    1.00    6.00     .00
     .00    1.00   74.00    2.00     .00    4.00    1.00
     .00    2.50   71.00    7.00    1.00    6.00     .00
     .00    4.00   46.00    2.00    1.00    6.00    1.00
     .00    1.00   37.00    2.00     .00    4.00     .00
     .00    3.00   27.00    2.00    1.00    2.00    1.00
    1.00    1.00   63.00    2.00    1.00    4.00    1.00
    1.00    4.00   19.00    3.00     .00    1.00    1.00
     .00    3.00   47.00    3.00    1.00    2.00    1.00
    1.00    1.00   55.00    2.00     .00    3.00     .00
    1.00    2.00   40.00    2.00    1.00    6.00     .00
    1.00    1.00   29.00    2.00     .00    3.00     .00
    1.00    1.00   28.00    3.00    1.00    2.00    1.00
     .00    2.00   47.00    7.00    1.00    2.00    1.00
    1.00    1.00   28.00    2.00     .00    2.00    1.00
     .00    1.00   20.00    2.00    1.00    6.00     .00
     .00    2.00   69.00    5.00     .00    6.00     .00
     .00    1.50   30.00    2.00     .00    5.00     .00
     .00    2.00   54.00    3.00     .00    7.00     .00
    1.00    4.00   65.00    7.00    1.00    4.00    1.00
    1.00    1.50   69.00    7.00     .00    6.00    1.00
    1.00    1.00   31.00    6.00     .00    4.00     .00
    1.00    3.50   81.00    3.00     .00    4.00     .00
     .00    1.00   84.00    2.00     .00    2.00    1.00
    1.00    1.00   64.00    2.00    1.00    6.00     .00
     .00    2.00   48.00    3.00    1.00    4.00     .00
     .00    3.00   49.00    4.00     .00    2.00     .00
     .00    1.50   32.00    7.00     .00    5.00     .00
     .00    1.00   49.00    2.00     .00    6.00     .00
     .00    1.00   57.00    6.00    1.00    6.00     .00
     .00    2.50   48.00    2.00    1.00    4.00    1.00
     .00    2.00   44.00    5.00     .00    1.00    1.00
    1.00    1.00   27.00    5.00    1.00    4.00    1.00
     .00    2.00   37.00    2.00     .00    5.00     .00
    1.00    1.00   67.00    2.00    1.00    2.00     .00
    1.00    3.00   54.00    5.00     .00    2.00    1.00
    1.00    1.00   56.00    4.00     .00    7.00     .00
     .00    3.00   53.00    7.00     .00    5.00    1.00
    1.00    1.50   36.00    4.00    1.00    2.00    1.00
     .00    1.00   28.00    3.00     .00    3.00    1.00
    1.00    3.00   71.00    5.00     .00    5.00     .00
    1.00    1.00   65.00    5.00    1.00    4.00     .00
     .00    2.00   50.00    2.00    1.00    4.00    1.00
    1.00    1.50   40.00    4.00    1.00    3.00    1.00
    1.00    1.00   64.00    2.00     .00    4.00    1.00
    1.00    1.00   35.00    4.00     .00    4.00     .00
    1.00    4.00   25.00    3.00    1.00    6.00    1.00
     .00    1.00   49.00    2.00    1.00    7.00     .00
     .00    2.00   43.00    2.00    1.00    5.00     .00
     .00    1.00   66.00    2.00     .00    7.00     .00
    1.00    3.00   78.00    3.00    1.00    4.00    1.00
     .00    1.00   23.00    2.00    1.00    2.00    1.00
     .00    2.50   47.00    3.00    1.00    2.00    1.00
    1.00    1.00   28.00    2.00    1.00    6.00     .00
     .00    1.00   45.00    3.00    1.00    3.00    1.00
    1.00    3.00   40.00    2.00    1.00    6.00     .00
     .00    1.00   54.00    3.00    1.00    3.00     .00
     .00    4.00   61.00    4.00    1.00    2.00    1.00
    1.00    1.50   37.00    5.00    1.00    2.00    1.00
    1.00    2.50   41.00    3.00     .00    5.00     .00
     .00    1.50   72.00    7.00     .00    3.00    1.00
    1.00    2.00   42.00    3.00     .00    4.00    1.00
    1.00    1.50   59.00    5.00     .00    5.00     .00
     .00    1.00   81.00    3.00     .00    4.00    1.00
    1.00    1.00   58.00    7.00    1.00    5.00     .00
    1.00    1.00   31.00    2.00    1.00    4.00    1.00
     .00    1.00   28.00    3.00     .00    4.00    1.00
    1.00    3.00   51.00    2.00     .00    6.00    1.00
     .00    1.00   66.00    1.00     .00    3.00     .00
     .00    1.00   34.00    4.00     .00    7.00     .00
     .00    3.50   36.00    3.00     .00    3.00    1.00
     .00    4.00   40.00    7.00    1.00    2.00    1.00
     .00    4.00   75.00    2.00    1.00    4.00    1.00
    1.00    3.00   36.00    2.00    1.00    2.00     .00
     .00    1.00   39.00    6.00    1.00    3.00     .00
    1.00    1.00   28.00    2.00     .00    7.00     .00
     .00    4.00   38.00    5.00     .00    3.00     .00
     .00    1.00   43.00    2.00    1.00    6.00     .00
     .00    4.00   59.00    3.00     .00    4.00    1.00
     .00    1.00   42.00    5.00     .00    5.00     .00
     .00    1.00   22.00    3.00    1.00    2.00    1.00
     .00    1.50   52.00    3.00     .00    4.00    1.00
    1.00    3.50   46.00    4.00     .00    2.00    1.00
    1.00    3.00   35.00    4.00     .00    6.00    1.00
    1.00    2.50   79.00    2.00     .00    2.00    1.00
    1.00    1.00   52.00    5.00    1.00    2.00     .00
    1.00    4.00   72.00    7.00    1.00    2.00    1.00
    1.00    1.00   69.00    6.00    1.00    6.00     .00
    1.00    1.00   77.00    5.00    1.00    5.00     .00
     .00    1.00   46.00    4.00    1.00    4.00    1.00
    1.00    1.00   45.00    5.00    1.00    4.00     .00
     .00    3.00   53.00    5.00    1.00    4.00     .00
    1.00    4.00   37.00    2.00     .00    7.00    1.00
     .00    1.00   18.00    3.00     .00    5.00     .00
     .00    3.00   29.00    2.00    1.00    4.00    1.00
     .00    2.50   81.00    1.00    1.00    3.00    1.00
    1.00    1.00   63.00    2.00     .00    7.00     .00
    1.00    1.00   31.00    3.00     .00    4.00    1.00
    1.00    2.00   35.00    6.00    1.00    5.00     .00
     .00    3.00   19.00    3.00    1.00    1.00    1.00
    1.00    1.00   34.00    5.00     .00    6.00     .00
     .00    1.00   31.00    3.00    1.00    1.00    1.00
    1.00    2.50   36.00    3.00     .00    4.00    1.00
     .00    4.00   73.00    2.00     .00    4.00    1.00
    1.00    4.00   63.00    7.00     .00    6.00    1.00
    1.00    2.00   40.00    2.00    1.00    3.00    1.00
     .00    1.00   35.00    3.00    1.00    2.00    1.00
     .00    3.50   76.00    2.00     .00    4.00    1.00
    1.00    1.00   41.00    2.00     .00    5.00     .00
    1.00    1.00   31.00    4.00    1.00    4.00     .00
    1.00    1.00   42.00    7.00     .00    7.00     .00
     .00    3.00   31.00    5.00    1.00    6.00     .00
    1.00    1.00   46.00    7.00     .00    5.00     .00
    1.00    2.00   56.00    7.00     .00    1.00    1.00
    1.00    1.00   45.00    2.00     .00    5.00     .00
     .00    3.00   60.00    3.00    1.00    2.00    1.00
     .00    4.00   23.00    3.00    1.00    1.00    1.00
    1.00    4.00   44.00    7.00     .00    5.00    1.00
    1.00    1.00   53.00    5.00    1.00    2.00    1.00
    1.00    1.00   42.00    4.00     .00    4.00    1.00
     .00    4.00   40.00    3.00    1.00    1.00    1.00
     .00    3.50   76.00    2.00     .00    2.00    1.00
    1.00    1.00   61.00    1.00    1.00    7.00     .00
     .00    2.00   61.00    4.00     .00    4.00    1.00
    1.00    3.00   47.00    4.00     .00    2.00    1.00
     .00    4.00   42.00    3.00     .00    4.00    1.00
    1.00    4.00   75.00    2.00     .00    4.00    1.00
    1.00    4.00   26.00    3.00    1.00    3.00     .00
     .00    2.00   62.00    5.00     .00    3.00    1.00
    1.00    1.00   55.00    2.00    1.00    4.00     .00
    1.00    1.00   52.00    2.00     .00    7.00     .00
     .00    1.00   76.00    2.00     .00    6.00     .00
     .00    3.00   29.00    5.00     .00    6.00     .00
    1.00    1.00   48.00    4.00    1.00    7.00     .00
    1.00    4.00   45.00    7.00    1.00    4.00    1.00
    1.00    4.00   66.00    5.00     .00    2.00    1.00
    1.00    1.00   58.00    2.00    1.00    4.00     .00
     .00    3.00   55.00    4.00    1.00    4.00     .00
     .00    1.00   48.00    7.00     .00    4.00     .00
    1.00    3.00   20.00    3.00    1.00    2.00    1.00
    1.00    1.00   39.00    4.00    1.00    6.00     .00
     .00    3.00   33.00    3.00     .00    6.00     .00
    1.00    4.00   39.00    5.00    1.00    1.00    1.00
     .00    1.00   36.00    7.00    1.00    5.00     .00
     .00    2.50   38.00    2.00     .00    5.00     .00
    1.00    1.00   34.00    2.00     .00    5.00    1.00
    1.00    3.00   39.00    5.00    1.00    4.00    1.00
     .00    3.00   47.00    5.00     .00    6.00     .00
     .00    1.00   36.00    2.00     .00    6.00     .00
     .00    3.50   41.00    3.00    1.00    6.00    1.00
     .00    3.00   40.00    3.00     .00    3.00     .00
    1.00    1.00   41.00    4.00     .00    2.00    1.00
     .00    3.00   43.00    5.00    1.00    4.00    1.00
     .00    3.50   50.00    2.00    1.00    3.00     .00
    1.00    1.00   71.00    2.00     .00    4.00    1.00
    1.00    1.00   56.00    7.00    1.00    5.00     .00
     .00    4.00   73.00    3.00    1.00    5.00     .00
    1.00    1.50   25.00    2.00     .00    5.00    1.00
     .00    4.00   84.00    2.00     .00    5.00     .00
     .00    4.00   91.00    7.00     .00    1.00    1.00
     .00    1.00   40.00    4.00     .00    2.00    1.00
    1.00    2.00   53.00    4.00     .00    4.00    1.00
    1.00    1.00   62.00    3.00    1.00    6.00     .00
     .00    1.00   54.00    2.00    1.00    4.00    1.00
     .00    3.00   53.00    7.00     .00    3.00    1.00
     .00    1.00   59.00    7.00     .00    4.00     .00
    1.00    1.00   52.00    5.00    1.00    6.00     .00
    1.00    1.00   58.00    4.00     .00    2.00    1.00
    1.00    3.00   42.00    2.00    1.00    7.00     .00
     .00    1.00   59.00    4.00     .00    4.00     .00
     .00    1.00   47.00    2.00    1.00    4.00     .00
     .00    1.00   63.00    5.00    1.00    3.00    1.00
     .00    1.50   26.00    7.00     .00    6.00     .00
     .00    3.00   34.00    5.00    1.00    2.00    1.00
     .00    3.50   20.00    4.00    1.00    4.00     .00
     .00    1.00   25.00    3.00     .00    5.00     .00
     .00    4.00   39.00    5.00    1.00    4.00     .00
     .00    1.00   47.00    5.00     .00    6.00     .00
     .00    2.00   39.00    7.00    1.00    6.00     .00
     .00    1.00   53.00    7.00     .00    6.00     .00
     .00    1.00   83.00    4.00     .00    6.00     .00
    1.00    1.00   28.00    7.00     .00    2.00    1.00
     .00    2.00   58.00    2.00     .00    7.00     .00
     .00    4.00   65.00    1.00     .00    4.00    1.00
    1.00    3.00   43.00    2.00    1.00    2.00    1.00
     .00    1.50   36.00    5.00    1.00    2.00    1.00
     .00    2.00   31.00    5.00    1.00    2.00    1.00
    1.00    1.00   87.00    1.00     .00    5.00    1.00
    1.00    2.00   70.00    3.00     .00    5.00     .00
    1.00    1.00   61.00    4.00     .00    2.00     .00
    1.00    1.50   51.00    5.00     .00    2.00    1.00
     .00    1.00   43.00    7.00     .00    6.00     .00
     .00    1.00   29.00    3.00    1.00    1.00    1.00
    1.00    3.00   41.00    7.00    1.00    2.00    1.00
    1.00    1.00   66.00    3.00    1.00    6.00     .00
     .00    1.00   60.00    5.00     .00    2.00     .00
    1.00    1.00   48.00    5.00    1.00    6.00     .00
    1.00    2.50   51.00    2.00     .00    4.00    1.00
    1.00    1.00   53.00    5.00    1.00    5.00     .00
     .00    3.00   53.00    6.00     .00    6.00     .00
    1.00    3.00   61.00    2.00    1.00    4.00    1.00
    1.00    3.00   36.00    2.00     .00    1.00    1.00
     .00    1.00   41.00    5.00     .00    4.00     .00
    1.00    1.00   42.00    3.00     .00    6.00     .00
     .00    3.50   49.00    6.00    1.00    6.00     .00
     .00    2.00   74.00    3.00     .00    2.00    1.00
    1.00    3.00   44.00    3.00    1.00    2.00    1.00
    1.00    4.00   34.00    7.00     .00    1.00    1.00
    1.00    1.00   26.00    2.00     .00    3.00     .00
    1.00    2.00   39.00    5.00     .00    4.00    1.00
     .00    1.00   55.00    2.00     .00    7.00     .00
    1.00    1.00   61.00    3.00     .00    6.00     .00
     .00    1.00   41.00    3.00    1.00    3.00    1.00
    1.00    3.00   47.00    4.00     .00    2.00    1.00
    1.00    1.00   48.00    4.00    1.00    7.00     .00
    1.00    1.00   36.00    2.00     .00    4.00    1.00
    1.00    4.00   60.00    3.00     .00    1.00    1.00
     .00    1.00   47.00    7.00     .00    7.00     .00
     .00    1.50   48.00    3.00    1.00    4.00     .00
    1.00    1.50   74.00    5.00    1.00    7.00     .00
    1.00    4.00   80.00    2.00     .00    1.00    1.00
     .00    1.00   29.00    5.00     .00    7.00     .00
     .00    1.00   60.00    3.00    1.00    4.00     .00
     .00    1.00   54.00    2.00    1.00    3.00    1.00
    1.00    1.00   73.00    4.00    1.00    2.00     .00
     .00    1.00   18.00    3.00    1.00    3.00    1.00
    1.00    3.00   37.00    2.00    1.00    4.00     .00
    1.00    2.00   62.00    4.00    1.00    2.00    1.00
    1.00    1.00   30.00    3.00     .00    4.00     .00
    1.00    3.00   18.00    1.00    1.00    5.00    1.00
    1.00    1.00   39.00    7.00     .00    6.00     .00
    1.00    4.00   20.00    1.00    1.00    6.00    1.00
    1.00    1.00   40.00    5.00    1.00    6.00     .00
    1.00    2.00   46.00    5.00     .00    4.00    1.00
    1.00    1.00   21.00    3.00    1.00    2.00    1.00
    1.00    1.00   44.00    1.00    1.00    6.00    1.00
     .00    1.00   38.00    2.00     .00    3.00    1.00
     .00    2.00   46.00    2.00    1.00    6.00     .00
     .00    1.00   46.00    3.00     .00    4.00    1.00
    1.00    1.00   54.00    7.00     .00    4.00    1.00
     .00    4.00   26.00    3.00     .00    3.00    1.00
     .00    1.00   57.00    2.00     .00    4.00    1.00
     .00    1.00   40.00    3.00     .00    6.00     .00
    1.00    4.00   36.00    3.00     .00    2.00    1.00
     .00    1.50   54.00    3.00     .00    6.00     .00
     .00    3.00   25.00    3.00    1.00    6.00     .00
    1.00    4.00   46.00    2.00    1.00    6.00    1.00
    1.00    1.00   42.00    3.00     .00    3.00     .00
    1.00    1.50   46.00    2.00     .00    2.00    1.00
     .00    3.00   50.00    3.00    1.00    5.00     .00
    1.00    4.00   57.00    2.00    1.00    2.00     .00
     .00    4.00   43.00    2.00    1.00    2.00    1.00
     .00    1.00   49.00    5.00     .00    5.00     .00
     .00    2.00   77.00    7.00    1.00    4.00     .00
    1.00    3.00   70.00    4.00     .00    3.00    1.00
     .00    1.00   53.00    2.00     .00    3.00     .00
    1.00    2.00   41.00    7.00    1.00    6.00     .00
     .00    1.00   39.00    7.00    1.00    5.00     .00
     .00    4.00   38.00    5.00     .00    6.00     .00
     .00    2.00   57.00    5.00     .00    5.00     .00
     .00    2.00   73.00    7.00     .00    5.00     .00
    1.00    2.00   55.00    7.00    1.00    6.00     .00
    1.00    1.00   39.00    2.00     .00    2.00     .00
     .00    1.00   66.00    2.00     .00    5.00    1.00
    1.00    1.00   47.00    2.00     .00    6.00     .00
     .00    3.00   45.00    5.00     .00    2.00    1.00
     .00    3.00   73.00    3.00    1.00    6.00     .00
     .00    2.00   71.00    2.00     .00    4.00    1.00
     .00    1.00   41.00    4.00     .00    5.00    1.00
     .00    3.00   58.00    6.00     .00    2.00    1.00
     .00    3.00   51.00    5.00     .00    1.00    1.00
     .00    3.00   37.00    3.00     .00    3.00     .00
     .00    2.00   28.00    7.00    1.00    5.00     .00
    1.00    1.00   34.00    5.00     .00    3.00    1.00
     .00    1.50   57.00    4.00     .00    3.00    1.00
    1.00    3.00   34.00    7.00     .00    3.00    1.00
    1.00    2.00   32.00    5.00    1.00    6.00     .00
    1.00    1.00   67.00    5.00     .00    7.00     .00
    1.00    2.00   40.00    5.00     .00    6.00    1.00
     .00    4.00   25.00    3.00     .00    6.00    1.00
     .00    1.50   55.00    5.00    1.00    3.00    1.00
     .00    3.00   49.00    3.00     .00    4.00    1.00
    1.00    4.00   31.00    7.00     .00    2.00    1.00
    1.00    1.00   78.00    2.00     .00    6.00     .00
     .00    1.00   60.00    3.00     .00    2.00    1.00
    1.00    3.00   48.00    7.00     .00    4.00    1.00
    1.00    3.50   81.00    7.00     .00    1.00    1.00
    1.00    1.50   47.00    6.00    1.00    7.00     .00
    1.00    1.00   71.00    2.00     .00    4.00     .00
    1.00    1.00   47.00    5.00    1.00    4.00    1.00
    1.00    4.00   62.00    2.00    1.00    4.00    1.00
     .00    3.50   60.00    2.00    1.00    6.00    1.00
    1.00    4.00   37.00    4.00    1.00    4.00    1.00
     .00    1.00   34.00    5.00     .00    6.00     .00
    1.00    1.50   39.00    2.00    1.00    5.00     .00
     .00    1.00   50.00    5.00     .00    5.00     .00
    1.00    3.00   28.00    2.00    1.00    6.00     .00
    1.00    1.50   70.00    2.00     .00    5.00     .00
    1.00    1.00   77.00    3.00    1.00    3.00    1.00
    1.00    1.50   46.00    3.00     .00    7.00     .00
    1.00    2.50   51.00    2.00    1.00    3.00    1.00
     .00    1.00   38.00    2.00    1.00    4.00    1.00
     .00    2.00   24.00    2.00    1.00    4.00    1.00
    1.00    1.00   18.00    2.00     .00    3.00    1.00
     .00    3.50   46.00    2.00     .00    3.00    1.00
    1.00    3.50   34.00    3.00     .00    4.00    1.00
     .00    4.00   36.00    3.00     .00    3.00    1.00
    1.00    1.00   51.00    2.00     .00    6.00     .00
     .00    4.00   75.00    7.00     .00    1.00    1.00
     .00    2.00   47.00    1.00     .00    3.00    1.00
     .00    2.50   67.00    2.00     .00    6.00     .00
     .00    1.00   57.00    5.00     .00    5.00     .00
    1.00    3.50   24.00    2.00     .00    5.00     .00
     .00    2.50   43.00    2.00    1.00    4.00    1.00
    1.00    2.00   27.00    4.00    1.00    7.00     .00
     .00    1.00   29.00    3.00     .00    5.00     .00
    1.00    1.00   80.00    2.00     .00    4.00    1.00
    1.00    1.00   46.00    5.00    1.00    5.00     .00
     .00    1.00   46.00    5.00    1.00    5.00     .00
     .00    1.00   54.00    5.00    1.00    2.00    1.00
    1.00    4.00   29.00    1.00    1.00    6.00    1.00
     .00    1.00   41.00    4.00     .00    4.00    1.00
    1.00    1.00   69.00    2.00     .00    6.00     .00
    1.00    4.00   24.00    3.00     .00    4.00    1.00
     .00    2.50   55.00    6.00     .00    3.00     .00
     .00    4.00   35.00    2.00    1.00    4.00     .00
    1.00    4.00   40.00    7.00     .00    2.00    1.00
     .00    4.00   39.00    1.00    1.00    5.00    1.00
     .00    4.00   41.00    3.00     .00    6.00    1.00
     .00    3.00   46.00    5.00     .00    6.00     .00
    1.00    4.00   31.00    2.00     .00    6.00    1.00
     .00    4.00   49.00    7.00    1.00    2.00    1.00
     .00    1.00   54.00    7.00     .00    7.00     .00
    1.00    1.00   44.00    7.00     .00    3.00    1.00
     .00    1.00   41.00    3.00     .00    6.00     .00
    1.00    1.00   43.00    4.00    1.00    4.00     .00
     .00    4.00   21.00    2.00    1.00    6.00    1.00
    1.00    1.00   52.00    7.00     .00    4.00    1.00
     .00    3.00   44.00    2.00    1.00    6.00     .00
    1.00    3.00   46.00    3.00    1.00    1.00    1.00
    1.00    3.00   69.00    3.00     .00    4.00    1.00
    1.00    1.00   43.00    5.00    1.00    5.00     .00
    1.00    1.00   35.00    4.00    1.00    6.00     .00
     .00    2.00   39.00    7.00     .00    6.00     .00
    1.00    4.00   38.00    2.00     .00    6.00    1.00
    1.00    1.00   62.00    7.00    1.00    6.00     .00
    1.00    3.00   51.00    2.00    1.00    6.00    1.00
    1.00    3.00   48.00    2.00     .00    5.00    1.00
    1.00    1.00   22.00    3.00    1.00    2.00    1.00
    1.00    1.00   43.00    5.00     .00    4.00     .00
    1.00    1.00   49.00    6.00     .00    2.00    1.00
     .00    1.50   54.00    1.00    1.00    6.00     .00
     .00    3.00   32.00    7.00    1.00    2.00    1.00
    1.00    2.00   40.00    4.00    1.00    1.00    1.00
    1.00    4.00   37.00    3.00    1.00    1.00    1.00
    1.00    1.00   44.00    3.00    1.00    4.00     .00
     .00    3.00   49.00    3.00     .00    1.00    1.00
