       1    1.00    5.60    2.95    1.80
       2    1.00    4.20    2.85    5.20
       3    1.00    4.20    3.00    3.20
       4    1.00    4.60    3.30    1.00
       5    1.00    3.00    5.00    7.60
       6     .00    5.00    3.20    4.20
       7     .00    4.80    2.90    4.20
       8    1.00    6.00    1.40    1.20
       9     .00    4.20    3.25    1.80
      10     .00    4.40    3.55    8.80
      11    1.00    5.80    1.55    1.00
      12    1.00    6.20    1.60    5.40
      13     .00    6.00    1.65    2.20
      14     .00    4.20    2.65    3.60
      15    1.00    4.40    3.15    7.80
      16    1.00    5.80    2.25    1.60
      17    1.00    5.40    2.45    1.00
      18    1.00    3.40    4.45    6.40
      19     .00    7.00    1.00    3.60
      20     .00    3.60    3.10    4.00
      21    1.00    6.00    1.45    1.40
      22     .00    4.40    3.20    2.40
      23    1.00    3.40    3.55    4.00
      24     .00    3.20    3.00    2.20
      25    1.00    6.60    2.00    2.60
      26    1.00    1.00    6.80    9.00
      27     .00    4.00    3.30    2.80
      28     .00    4.80    3.50    1.80
      29     .00    3.00    4.00    5.00
      30    1.00    4.40    2.00    1.40
      31     .00    6.00    3.55    2.20
      32    1.00    4.60    1.80    2.60
      33     .00    4.60    3.15    3.40
      34     .00    5.20    1.60    7.00
      35     .00    5.40    2.80    5.20
      36    1.00    4.80    2.75    2.00
      37     .00    4.00    2.75    1.40
      38     .00    5.80    2.20    2.80
      39     .00    5.00    2.50    2.40
      40     .00    4.20    2.00    4.40
      41    1.00    3.00    2.80    1.20
      42     .00    5.80    2.40    2.40
      43     .00    4.80    2.40    4.00
      44    1.00    3.20    3.85    6.80
      45     .00    5.60    2.75    1.80
      46    1.00    4.20    4.55    8.80
      47     .00    3.00    4.00    4.00
      48     .00    2.00    1.95    1.40
      49     .00    5.40    3.40    3.80
      50     .00    2.60    3.90    1.25
      51    1.00    6.00    1.80    2.40
      52    1.00    3.80    3.45    2.60
      53    1.00    3.20    3.55    6.80
      54     .00    4.60    3.55    2.80
      55    1.00    6.40    2.05    2.60
      56     .00    2.40    3.40    6.60
      57     .00    1.00    3.40    9.00
      58     .00    5.80    1.60    2.20
      59    1.00    6.40    3.20    3.20
      60     .00    7.00    1.00    1.00
      61    1.00    4.40    2.15    3.60
      62    1.00    4.40    3.00    2.00
      63    1.00    4.20    1.60    6.00
      64     .00    4.60    2.10    3.20
      65     .00    3.00    3.75    3.80
      66    1.00    4.00    3.75    4.60
      67     .00    5.00    2.55    2.40
      68    1.00    6.00    1.70    1.50
      69    1.00    4.40    3.10    1.60
      70     .00    6.00    1.75    1.20
      71     .00    5.60    2.80    2.40
      72     .00    5.00    2.20    9.00
      73     .00    2.60    4.70    5.20
      74    1.00    4.80    3.40    3.80
      75    1.00    5.20    3.10    3.60
      76    1.00    5.40    1.95    1.20
      77    1.00    5.60    2.45    4.20
      78     .00    4.80    2.65    2.00
      79     .00    5.60    2.40    3.20
      80     .00    2.00    2.25    3.60
      81    1.00    3.60    3.10    2.00
      82     .00    4.20    2.30    1.80
      83     .00    5.00    3.25    4.00
      84    1.00    5.20    2.35    4.40
      85    1.00    4.80    2.30    4.60
      86     .00    5.20    3.75    1.20
      87    1.00    4.80    2.00    1.80
      88    1.00    4.60    4.40    4.20
      89    1.00    6.60    1.60    1.40
      90    1.00    5.00    3.45    4.40
      91     .00    3.80    4.40    3.60
      92    1.00    6.40    2.15    1.00
      93     .00    2.60    3.60    2.80
      94     .00    4.80    2.25    7.00
      95     .00    5.00    2.20    1.40
      96     .00    3.00    2.15    1.00
      97    1.00    4.00    3.05    1.00
      98    1.00    4.80    1.70    1.00
      99    1.00    3.40    3.45    3.40
     100     .00    5.60    2.40    3.60
     101     .00    4.40    1.60    1.80
     102    1.00    4.00    4.70    9.00
     103     .00    5.80    2.10    1.00
     104    1.00    6.00    2.15    2.40
     105     .00    5.60    1.90    1.80
     106     .00    5.40    2.90    3.20
     107     .00    6.00    2.85    2.40
     108     .00    4.00    4.10    9.00
     109    1.00    3.80    4.00    1.80
     110    1.00    5.20    2.85    2.80
     111     .00    3.20    2.45    1.60
     112    1.00    6.40    1.80    2.60
     113    1.00    6.00    2.00    3.20
     114    1.00    5.60    3.00    5.40
     115    1.00    3.60    2.95    5.20
     116    1.00    4.80    2.25    2.40
     117     .00    1.00    3.45    4.60
     118    1.00    6.20    2.75    4.00
     119    1.00    5.60    2.15    3.20
     120    1.00    3.80    3.45    3.20
     121     .00    5.00    3.25    4.60
     122    1.00    7.00    1.35    1.80
     123     .00    5.80    2.30    1.00
     124     .00    6.00    2.70    1.80
     125    1.00    5.60    2.96    2.20
     126    1.00    2.60    4.90    8.40
     127    1.00    1.60    3.60    4.80
     128    1.00    3.60    3.60    6.40
     129    1.00    2.40    3.50    5.00
     130    1.00    2.00    4.75    4.20
     131     .00    4.60    1.70    1.00
     132     .00    4.40    2.40    1.80
     133     .00    5.60    2.05    3.80
     134    1.00    5.20    2.40    2.60
     135     .00    4.20    2.25    6.60
     136     .00    6.20    1.70    3.40
     137     .00    3.00    4.10    1.00
     138    1.00    6.00    1.25    3.20
     139     .00    4.20    2.35    1.40
     140     .00    3.00    3.00    4.60
     141    1.00    6.00    2.35    2.40
     142     .00    4.60    3.63    3.00
     143     .00    5.40    1.70    2.60
     144    1.00    1.00    5.30    9.00
     145    1.00    5.80    1.95    1.80
     146    1.00    5.60    2.95    4.40
     147    1.00    6.00    1.70    1.80
     148     .00    6.00    2.30    8.00
     149    1.00    3.00    3.75    2.80
     150    1.00    5.60    3.50    4.20
     151    1.00    5.00    2.05    2.20
     152     .00    5.20    3.10    2.40
     153     .00    6.40    1.40    1.60
     154     .00    4.00    2.70    4.00
     155     .00    4.80    2.10    2.80
     156     .00    2.60    4.40    2.40
     157    1.00    5.00    2.90    1.60
     158     .00    1.00    4.00    1.40
     159     .00    7.00    3.50    5.00
     160    1.00    5.80    2.00    2.80
     161     .00    2.60    4.50    9.00
     162     .00    6.00    2.10    2.60
     163     .00    5.60    3.25    1.00
     164     .00    5.00    2.60    9.00
     165     .00    5.00    2.95    2.40
     166     .00    6.00    2.75    2.60
     167     .00    3.20    3.00    4.20
     168     .00    5.60    2.10    1.20
     169     .00    4.40    2.55    5.20
     170     .00    7.00    1.10    1.40
     171    1.00    4.40    3.10    2.40
     172     .00    1.00    4.95    1.60
     173    1.00    5.60    3.35    2.00
     174    1.00    4.60    3.80    1.60
     175    1.00    2.20    3.85    5.20
     176     .00    3.20    2.80    3.00
     177    1.00    5.00    2.55    2.20
     178    1.00    5.00    2.95    5.40
     179    1.00    3.60    2.85    2.20
     180     .00    6.00    1.40    2.20
     181     .00    4.40    2.85    6.00
     182    1.00    5.60    2.30    1.60
     183     .00    5.00    2.15    1.40
     184     .00    3.00    3.40    4.20
     185     .00    5.20    2.95    2.80
     186    1.00    5.00    2.75    2.00
     187     .00    4.80    3.70    1.60
     188     .00    6.40    1.85    2.80
     189     .00    5.00    2.45    2.80
     190     .00    3.20    4.10    4.20
     191     .00    5.60    2.28    1.00
     192     .00    5.60    1.90    3.20
     193    1.00    2.60    5.05    2.00
     194    1.00    4.80    3.80    2.80
     195    1.00    5.80    3.70    5.80
     196    1.00    3.20    2.55    3.20
     197    1.00    4.80    1.85    2.00
     198    1.00    5.60    2.25    2.20
     199     .00    4.00    4.25    5.60
     200    1.00    3.80    3.75    2.20
     201     .00    5.60    2.25    3.20
     202    1.00    5.60    2.30    1.40
     203    1.00    3.20    3.35    3.40
     204     .00    4.60    3.10    1.60
     205     .00    5.00    3.05    2.60
     206    1.00    3.60    3.70    4.40
     207    1.00    4.80    3.20    5.40
     208     .00    5.00    3.65    5.20
     209    1.00    4.00    3.20    3.80
     210     .00    2.40    4.25    6.00
     211    1.00    3.60    4.30    3.60
