     209    2.00    4.87       2    4.83    4.25
      44     .00    4.25       1    4.50    5.75
     124    2.00    5.00       3    5.50    4.75
     232    2.00    5.50       1    5.66    7.00
      30    2.00    5.62       1    6.16    6.75
     140    1.00    5.75       1    6.00    5.50
      27    2.00    5.12       2    4.66    5.00
      64     .00    6.62       1    6.50    6.25
      67     .00    5.75       6    1.00    3.00
     182     .00    4.62       1    6.83    5.75
      85    2.00    4.75       2    5.00    5.25
     109    2.00    6.12       5    5.66    7.00
     122     .00    4.87       2    5.83    4.50
      69    1.00    5.87       1    6.50    6.25
      45    1.00    4.87       1    4.50    5.00
      28     .00    4.62       1    4.83    5.25
     170    1.00    4.50       2    6.16    5.25
      66    2.00    5.50       1    4.33    5.00
     168    2.00    4.25       3    4.83    4.50
      97    1.00    4.25       4    5.00    6.00
       7    2.00    5.25       1    6.50    5.75
      29    1.00    5.00       1    7.00    6.00
     116    1.00    5.75       1    5.33    5.25
      35    2.00    2.87       5    5.50    4.75
      13    2.00    5.50       1    7.00    6.50
     125     .00    5.50       5    5.50    1.75
     161    1.00    4.62       1    5.00    5.00
     186    1.00    4.37       1    6.83    4.75
     188     .00    4.37       2    4.83    4.25
      68    1.00    5.62       1    6.66    6.75
     210    1.00    5.12       1    6.00    6.00
     115    1.00    4.37       1    6.33    4.75
      79     .00    4.75       4    5.33    1.75
      56    2.00    4.62       1    5.50    4.75
      54    1.00    5.12       2    5.83    5.75
     154    2.00    4.50       6    5.83    5.50
      62    2.00    5.37       1    6.83    5.50
     187    2.00    4.75       1    5.50    6.25
      41    1.00    4.87       2    5.33    5.25
     174     .00    5.12       1    5.33    5.75
     191    2.00    5.37       1    7.00    6.25
     163    2.00    4.00       1    4.83    4.25
     103     .00    5.62       1    6.16    5.50
     224     .00    4.25       5    5.50    2.50
     128     .00    6.37       4    4.83    2.00
      12    1.00    5.25       2    6.33    6.00
      90     .00    6.00       4    6.00    3.50
     100    2.00    4.62       1    5.16    5.25
     110    1.00    4.37       2    5.83    5.25
      63    2.00    6.12       1    7.00    5.75
      21    2.00    3.62       1    6.33    6.00
     104    1.00    6.00       1    6.33    6.25
      73    1.00    7.00       1    6.33    6.75
     118    1.00    5.87       2    5.66    5.50
     227     .00    5.50       1    5.33    5.00
     206     .00    5.12       6    5.50    3.00
     147    2.00    3.75       1    4.66    3.75
     183    1.00    5.25       4    4.66    4.00
     108    1.00    3.87       3    3.83    2.50
       9    1.00    5.50       1    6.83    4.50
      22    1.00    6.37       1    6.83    5.75
     117    2.00    5.25       1    7.00    6.50
     208    1.00    5.50       1    5.16    5.00
     121     .00    4.00       1    6.83    4.75
      77    1.00    5.87       2    6.33    6.50
     102    2.00    4.87       1    5.50    5.75
     169    1.00    4.87       1    6.66    5.50
     173    1.00    3.50       2    5.16    5.25
      94    2.00    4.12       1    6.33    5.50
      87     .00    5.50       1    4.16    5.00
     101     .00    4.00       2    6.00    4.75
     202    2.00    5.12       1    6.50    6.25
      98    1.00    4.62       1    6.33    6.50
     239     .00    5.87       6    3.66    2.50
     184     .00    5.00       5    5.16    4.00
      40    1.00    4.87       2    4.16    1.75
     211    2.00    5.75       1    5.83    5.25
     198     .00    5.25       5    5.16    2.25
     240     .00    4.75       1    7.00    1.50
      59    2.00    4.37       4    4.00    3.50
      11    2.00    4.50       1    6.50    6.25
     111     .00    4.12       1    6.50    4.50
      32    1.00    6.50       1    6.33    4.25
     113     .00    6.50       1    7.00    3.25
     176    2.00    4.00       2    5.66    5.75
     175    2.00    4.25       1    6.50    6.50
     229    1.00    4.75       2    5.66    3.25
     222    1.00    5.50       2    5.66    5.75
      88    1.00    4.75       1    6.33    4.50
     195     .00    4.25       2    5.83    3.50
     134    1.00    6.00       1    6.66    5.50
     197    2.00    4.50       3    5.16    5.75
      70    1.00    5.75       1    5.00    5.00
      71     .00    4.25       5    5.00    6.00
     166    1.00    4.62       1    4.50    5.00
      16    1.00    5.62       5    5.16    4.50
      78    2.00    5.00       6    6.83    6.50
     139     .00    6.50       7    2.33    1.50
     204     .00    5.12       5    5.33    3.00
      37     .00    5.62       1    6.66    5.25
      42    2.00    5.50       1    7.00    7.00
     123    1.00    6.50       2    6.00    5.25
     155    1.00    4.25       1    5.66    5.50
      48    2.00    6.00       1    6.50    6.00
      65     .00    4.25       1    4.83    3.50
     223     .00    4.75       5    6.50    4.00
     114    2.00    4.75       1    3.66    5.25
     135    2.00    6.00       1    6.00    4.00
      96    2.00    4.50       2    6.00    5.75
      81    2.00    6.25       1    7.00    3.75
     137    2.00    6.62       1    5.00    5.00
     236     .00    4.50       4    4.50    2.75
     200     .00    4.62       5    4.50    3.25
     185    2.00    5.75       1    5.83    6.25
     180    2.00    5.12       2    4.50    5.75
      72    2.00    5.37       4    4.00    3.75
     203    1.00    6.37       1    7.00    6.50
     156     .00    6.37       6    4.66    1.75
     167     .00    4.75       2    6.16    5.75
     107    2.00    5.00       1    7.00    6.00
     172     .00    4.12       1    7.00    6.00
      38     .00    5.87       6    2.33    2.75
     199    2.00    7.00       1    6.33    5.50
      89    1.00    5.50       1    6.83    4.00
     201     .00    5.00       2    6.16    5.00
      60     .00    4.37       5    4.66    2.50
     220     .00    5.25       1    6.00    4.75
      99    1.00    5.25       1    4.83    4.25
     190    1.00    5.37       1    6.00    3.50
